SANOS: 0.500000
CONTAGIADOS: 0.500000
RECUPERADOS: 0.500000
FALLECIDOS: 0.500000
R0: 1.000000
