SANOS: 0.166667
CONTAGIADOS: 0.166667
RECUPERADOS: 0.166667
FALLECIDOS: 0.166667
R0: 0.200000
