SANOS: 0.250000
CONTAGIADOS: 0.250000
RECUPERADOS: 0.250000
FALLECIDOS: 0.250000
R0: 0.333333
