SANOS: 1.000000
CONTAGIADOS: 1.000000
RECUPERADOS: 1.000000
FALLECIDOS: 1.000000
R0: 1.000000
