SANOS: 0.000000
CONTAGIADOS: 0.000000
RECUPERADOS: 0.000000
FALLECIDOS: 0.000000
R0: 0.000000
