SANOS: 0.930000
CONTAGIADOS: 0.060000
RECUPERADOS: 0.000000
FALLECIDOS: 0.010000
R0: 5.000000
